model,bal_acc_mean,bal_acc_std,roc_auc_mean,roc_auc_std,f1_mean,f1_std
xgboost,0.7652777777777777,0.04635644241188511,0.8147569444444445,0.04895587070244556,0.7527350427350428,0.045931404450790775
knn,0.7402777777777778,0.026931554763424043,0.802951388888889,0.057844033358818,0.7417460317460317,0.04722482319100859
svc_rbf,0.7388888888888889,0.09208658030139319,0.7979166666666667,0.07242393039903623,0.7343503555268261,0.07948408129658313
catboost,0.7388888888888889,0.1077262190536962,0.8260416666666668,0.048925077357572413,0.7367187765794576,0.09244385157993677
mlp,0.7152777777777778,0.08413961794922754,0.784375,0.07680128579652817,0.7138375350140056,0.08105449444468071
random_forest,0.7138888888888889,0.10209986638605059,0.8260416666666668,0.06666666666666667,0.7190562378797672,0.07865385569975424
logreg_l2,0.7138888888888889,0.07574221224686656,0.8038194444444444,0.07341923367522159,0.6966946778711484,0.06921849187248841
linear_svc_cal,0.7138888888888889,0.07574221224686656,0.8135416666666666,0.07678715622492548,0.6966946778711484,0.06921849187248841
gradient_boosting,0.7138888888888889,0.051106581924928056,0.8274305555555556,0.05985531036601803,0.7130952380952381,0.04797486114192829
adaboost,0.7041666666666666,0.04639803635691685,0.8416666666666668,0.06642207736220775,0.7173529411764706,0.05777297173398456
lightgbm,0.6763888888888889,0.10107447443700139,0.7607638888888889,0.06716214889226788,0.6827561327561328,0.06919022639058256
decision_tree,0.6541666666666666,0.03632415786283893,0.6559027777777777,0.05781432471261177,0.657843137254902,0.03040006222296796
